1 1 10
2 2 10
3 3 10
4 3 10
5 3 10
6 3 10
7 3 10
8 4 10
9 2 10
10 2 10
11 2 10
12 3 10
13 2 10
14 3 10
15 2 10
16 2 10
17 2 10
18 2 10
19 2 10
20 2 10
21 2 10
22 2 10
23 2 10
24 2 10
25 2 10
26 2 10
27 2 10
28 2 10
29 2 10
30 2 10
31 2 10
32 2 10
33 2 10
34 2 10
35 2 10
36 2 10
37 2 10
38 2 10
39 2 10
40 2 10
41 2 10
42 2 10
43 2 10
44 2 10
45 2 10
46 2 10
47 2 10
48 2 10
49 2 10
50 2 10
51 2 10
52 2 10
53 2 10
54 2 10
55 2 10
56 2 10
57 2 10
58 2 10
59 2 10
60 2 10
61 2 10
62 2 10
63 2 10
64 2 10
65 2 10
66 2 10
67 2 10
68 2 10
69 2 10
70 2 10
71 2 10
72 2 10
73 2 10
74 2 10
75 2 10
76 2 10
77 2 10
78 2 10
79 2 10
80 2 10
81 2 10
82 2 10
83 2 10
84 2 10
85 2 10
86 2 10
87 2 10
88 2 10
89 2 10
90 2 10
91 2 10
92 2 10
93 2 10
94 2 10
95 2 10
96 2 10
97 2 10
98 2 10
99 2 10
100 2 10
101 2 10
102 2 10
103 2 10
104 5 10
105 2 10
106 2 10
107 2 10
108 2 10
109 2 10
110 2 10
111 2 10
112 2 10
113 2 10
114 2 10
115 2 10
116 2 10
117 2 10
118 2 10
119 2 10
120 2 10
121 2 10
122 2 10
123 2 10
124 2 10
125 2 10
126 2 10
127 2 10
128 2 10
129 2 10
130 2 10
131 5 10
132 2 10
133 2 10
134 2 10
135 2 10
136 2 10
137 2 10
138 2 10
139 2 10
140 2 10
141 2 10
142 2 10
143 2 10
144 2 10
145 2 10
146 2 10
147 2 10
148 2 10
149 5 10
150 2 10
151 2 10
152 2 10
153 2 10
154 2 10
155 2 10
156 6 10
157 2 10
158 2 10
159 2 10
160 2 10
161 2 10
162 2 10
163 2 10
164 2 10
165 2 10
166 2 10
167 2 10
168 2 10
169 2 10
170 2 10
171 2 10
172 2 10
173 2 10
174 2 10
175 2 10
176 2 10
177 2 10
178 2 10
179 2 10
180 2 10
181 2 10
182 2 10
183 2 10
184 2 10
185 2 10
186 2 10
187 2 10
188 2 10
189 2 10
190 2 10
191 2 10
192 2 10
193 2 10
194 2 10
195 2 10
196 2 10
197 2 10
198 2 10
199 2 10
200 2 10
201 2 10
202 2 10
203 2 10
204 2 10
205 2 10
206 2 10
207 2 10
208 2 10
209 2 10
210 2 10
211 2 10
212 2 10
213 2 10
214 2 10
215 2 10
216 2 10
217 2 10
218 5 10
219 2 10
220 2 10
221 2 10
222 2 10
223 2 10
224 2 10
225 2 10
226 2 10
227 2 10
228 2 10
229 2 10
230 2 10
231 2 10
232 2 10
233 2 10
234 2 10
235 2 10
236 2 10
237 2 10
238 2 10
239 2 10
240 2 10
241 2 10
242 2 10
243 2 10
244 2 10
245 2 10
246 2 10
247 2 10
248 2 10
249 2 10
250 2 10
251 2 10
252 2 10
253 2 10
254 2 10
255 2 10
256 2 10
257 2 10
258 2 10
259 2 10
260 2 10
261 2 10
262 2 10
263 2 10
264 2 10
265 2 10
266 2 10
267 2 10
268 2 10
269 2 10
270 2 10
271 2 10
272 2 10
273 2 10
274 2 10
275 2 10
276 2 10
277 2 10
278 2 10
279 2 10
280 2 10
281 2 10
282 2 10
283 2 10
284 2 10
285 2 10
286 2 10
287 2 10
288 2 10
289 2 10
290 2 10
291 2 10
292 2 10
293 2 10
294 2 10
295 2 10
296 2 10
297 2 10
298 2 10
299 2 10
300 2 10
301 2 10
302 2 10
303 2 10
304 2 10
305 2 10
306 2 10
307 2 10
308 2 10
309 2 10
310 2 10
311 2 10
312 2 10
313 2 10
314 2 10
315 2 10
316 2 10
317 2 10
318 2 10
319 2 10
320 2 10
321 2 10
322 2 10
323 2 10
324 2 10
325 2 10
326 2 10
327 2 10
328 2 10
329 2 10
330 2 10
331 2 10
332 2 10
333 2 10
334 2 10
335 2 10
336 2 10
337 2 10
338 2 10
339 2 10
340 2 10
341 2 10
342 2 10
343 2 10
344 2 10
345 2 10
346 2 10
347 2 10
348 2 10
349 2 10
350 2 10
351 2 10
352 2 10
353 2 10
354 2 10
355 2 10
356 2 10
357 2 10
358 2 10
359 2 10
360 2 10
361 2 10
362 2 10
363 2 10
364 2 10
365 2 10
366 2 10
367 2 10
368 2 10
369 2 10
370 2 10
371 2 10
372 2 10
373 2 10
374 2 10
375 2 10
376 2 10
377 2 10
378 2 10
379 2 10
380 2 10
381 2 10
382 2 10
383 2 10
384 2 10
385 2 10
386 2 10
387 2 10
388 2 10
389 2 10
390 2 10
391 2 10
392 2 10
393 2 10
394 2 10
395 2 10
396 2 10
397 2 10
398 2 10
399 2 10
400 2 10
401 2 10
402 2 10
403 2 10
404 2 10
405 2 10
406 2 10
407 2 10
408 2 10
409 2 10
410 2 10
411 2 10
412 2 10
413 2 10
414 2 10
415 2 10
416 2 10
417 2 10
418 2 10
419 2 10
420 2 10
421 2 10
422 2 10
423 2 10
424 2 10
425 2 10
426 2 10
427 2 10
428 2 10
429 2 10
430 2 10
431 2 10
432 2 10
433 2 10
434 2 10
435 2 10
436 2 10
437 2 10
438 2 10
439 2 10
440 2 10
441 2 10
442 2 10
443 2 10
444 2 10
445 2 10
446 2 10
447 2 10
448 2 10
449 2 10
450 2 10
451 2 10
452 2 10
453 2 10
454 2 10
455 2 10
456 2 10
457 2 10
458 2 10
459 2 10
460 2 10
461 2 10
462 2 10
463 2 10
464 2 10
465 2 10
466 2 10
467 2 10
468 2 10
469 2 10
470 2 10
471 2 10
472 2 10
473 2 10
474 2 10
475 2 10
476 2 10
477 2 10
478 2 10
479 2 10
480 2 10
481 2 10
482 2 10
483 2 10
484 2 10
485 2 10
486 2 10
487 2 10
488 2 10
489 2 10
490 2 10
491 2 10
492 2 10
493 2 10
494 2 10
495 2 10
496 2 10
497 2 10
498 2 10
499 2 10
500 2 10
501 2 10
502 2 10
503 2 10
504 2 10
505 2 10
506 2 10
507 2 10
508 2 10
509 2 10
510 2 10
511 2 10
512 2 10
513 2 10
514 2 10
515 2 10
516 2 10
517 2 10
518 2 10
519 2 10
520 2 10
521 2 10
522 2 10
523 2 10
524 2 10
525 2 10
526 2 10
527 2 10
528 2 10
529 2 10
530 2 10
531 2 10
532 2 10
533 2 10
534 2 10
535 2 10
536 2 10
537 2 10
538 2 10
539 2 10
540 2 10
541 2 10
542 2 10
543 2 10
544 2 10
545 2 10
546 2 10
547 2 10
548 2 10
549 2 10
550 2 10
551 2 10
552 2 10
553 2 10
554 2 10
555 5 10
556 2 10
557 2 10
558 2 10
559 2 10
560 2 10
561 2 10
562 2 10
563 2 10
564 2 10
565 2 10
566 2 10
567 2 10
568 2 10
569 2 10
570 2 10
571 2 10
572 2 10
573 2 10
574 2 10
575 2 10
576 2 10
577 2 10
578 2 10
579 2 10
580 2 10
581 2 10
582 2 10
583 2 10
584 2 10
585 2 10
586 2 10
587 2 10
588 2 10
589 2 10
590 2 10
591 2 10
592 2 10
593 2 10
594 2 10
595 2 10
596 2 10
597 2 10
598 2 10
599 2 10
600 2 10
601 2 10
602 2 10
603 2 10
604 2 10
605 2 10
606 2 10
607 2 10
608 2 10
609 2 10
610 2 10
611 2 10
612 2 10
613 2 10
614 2 10
615 2 10
616 2 10
617 2 10
618 2 10
619 2 10
620 2 10
621 2 10
622 2 10
623 2 10
624 2 10
625 2 10
626 2 10
627 2 10
628 2 10
629 2 10
630 2 10
631 2 10
632 2 10
633 2 10
634 2 10
635 2 10
636 2 10
637 2 10
638 2 10
639 2 10
640 2 10
641 2 10
642 2 10
643 2 10
644 5 10
645 2 10
646 5 10
647 2 10
648 2 10
649 2 10
650 2 10
651 2 10
652 2 10
653 2 10
654 2 10
655 2 10
656 2 10
657 2 10
658 2 10
659 2 10
660 2 10
661 2 10
662 2 10
663 2 10
664 2 10
665 2 10
666 2 10
667 2 10
668 2 10
669 2 10
670 2 10
671 2 10
672 2 10
673 2 10
674 2 10
675 2 10
676 2 10
677 2 10
678 2 10
679 2 10
680 2 10
681 2 10
682 2 10
683 2 10
684 2 10
685 2 10
686 2 10
687 2 10
688 2 10
689 2 10
690 2 10
691 2 10
692 2 10
693 2 10
694 2 10
695 2 10
696 2 10
697 2 10
698 2 10
699 2 10
700 2 10
701 2 10
702 2 10
703 2 10
704 2 10
705 2 10
706 2 10
707 2 10
708 2 10
709 2 10
710 2 10
711 2 10
712 2 10
713 2 10
714 2 10
715 2 10
716 2 10
717 2 10
718 2 10
719 2 10
720 2 10
721 2 10
722 2 10
723 2 10
724 2 10
725 2 10
726 2 10
727 2 10
728 2 10
729 2 10
730 2 10
731 2 10
732 2 10
733 2 10
734 2 10
735 2 10
736 2 10
737 2 10
738 2 10
739 2 10
740 2 10
741 2 10
742 2 10
743 2 10
744 7 10
745 2 10
746 2 10
747 2 10
748 2 10
749 2 10
750 2 10
751 2 10
752 2 10
753 2 10
754 2 10
755 2 10
756 2 10
757 2 10
758 2 10
759 2 10
760 2 10
761 2 10
762 2 10
763 2 10
764 2 10
765 5 10
766 2 10
767 2 10
768 2 10
769 2 10
770 2 10
771 2 10
772 2 10
773 2 10
774 2 10
775 2 10
776 2 10
777 2 10
778 2 10
779 2 10
780 2 10
781 2 10
782 2 10
783 2 10
784 2 10
785 2 10
786 2 10
787 2 10
788 2 10
789 2 10
790 2 10
791 2 10
792 2 10
793 2 10
794 2 10
795 2 10
796 2 10
797 2 10
798 2 10
799 2 10
800 2 10
801 2 10
802 2 10
803 2 10
804 2 10
805 2 10
806 2 10
807 2 10
808 2 10
809 2 10
810 2 10
811 2 10
812 2 10
813 2 10
814 2 10
815 2 10
816 2 10
817 2 10
818 2 10
819 2 10
820 2 10
821 2 10
822 2 10
823 2 10
824 5 10
825 2 10
826 2 10
827 2 10
828 2 10
829 2 10
830 2 10
831 2 10
832 4 10
833 3 10
834 3 10
835 3 10
836 3 10
837 3 10
838 3 10
839 2 10
840 2 10
841 3 10
842 2 10
843 2 10
844 2 10
845 2 10
846 2 10
847 2 10
848 2 10
849 2 10
850 2 10
851 2 10
852 2 10
853 2 10
854 2 10
855 2 10
856 2 10
857 2 10
858 2 10
859 2 10
860 2 10
861 2 10
862 2 10
863 2 10
864 2 10
865 2 10
866 2 10
867 2 10
868 2 10
869 2 10
870 2 10
871 2 10
872 2 10
873 2 10
874 2 10
875 2 10
876 2 10
877 2 10
878 2 10
879 2 10
880 2 10
881 2 10
882 2 10
883 2 10
884 2 10
885 2 10
886 2 10
887 2 10
888 2 10
889 2 10
890 2 10
891 2 10
892 7 10
893 2 10
894 2 10
895 2 10
896 2 10
897 2 10
898 5 10
899 2 10
900 2 10
901 2 10
902 2 10
903 2 10
904 2 10
905 2 10
906 2 10
907 2 10
908 2 10
909 2 10
910 2 10
911 2 10
912 2 10
913 2 10
914 2 10
915 2 10
916 2 10
917 2 10
918 2 10
919 2 10
920 2 10
921 2 10
922 2 10
923 2 10
924 2 10
925 2 10
926 2 10
927 2 10
928 2 10
929 2 10
930 2 10
931 2 10
932 2 10
933 2 10
934 2 10
935 2 10
936 2 10
937 2 10
938 2 10
939 2 10
940 2 10
941 2 10
942 2 10
943 2 10
944 2 10
945 2 10
946 2 10
947 2 10
948 2 10
949 2 10
950 2 10
951 2 10
952 2 10
953 2 10
954 2 10
955 2 10
956 2 10
957 2 10
958 2 10
959 2 10
960 2 10
961 2 10
962 2 10
963 2 10
964 2 10
965 2 10
966 2 10
967 2 10
968 2 10
969 2 10
970 2 10
971 2 10
972 2 10
973 2 10
974 2 10
975 2 10
976 2 10
977 2 10
978 2 10
979 2 10
980 2 10
981 2 10
982 2 10
983 2 10
984 2 10
985 2 10
986 2 10
987 2 10
988 2 10
989 2 10
990 2 10
991 8 10
992 2 10
993 2 10
994 2 10
995 2 10
996 2 10
997 2 10
998 2 10
999 2 10
1000 2 10
1001 2 10
1002 2 10
1003 2 10
1004 2 10
1005 2 10
1006 2 10
1007 2 10
1008 2 10
1009 2 10
1010 2 10
1011 2 10
1012 2 10
1013 2 10
1014 2 10
1015 2 10
1016 2 10
1017 2 10
1018 2 10
1019 2 10
1020 2 10
1021 2 10
1022 2 10
1023 2 10
1024 2 10
1025 2 10
1026 2 10
1027 2 10
1028 2 10
1029 2 10
1030 2 10
1031 2 10
1032 2 10
1033 2 10
1034 2 10
1035 2 10
1036 2 10
1037 2 10
1038 2 10
1039 2 10
1040 2 10
1041 2 10
1042 2 10
1043 2 10
1044 2 10
1045 2 10
1046 2 10
1047 2 10
1048 2 10
1049 2 10
1050 2 10
1051 2 10
1052 2 10
1053 2 10
1054 2 10
1055 2 10
1056 2 10
1057 2 10
1058 2 10
1059 2 10
1060 2 10
1061 2 10
1062 2 10
1063 2 10
1064 2 10
1065 2 10
1066 2 10
1067 2 10
1068 2 10
1069 2 10
1070 2 10
1071 2 10
1072 2 10
1073 2 10
1074 2 10
1075 2 10
1076 2 10
1077 2 10
1078 2 10
1079 5 10
1080 2 10
1081 2 10
1082 2 10
1083 2 10
1084 2 10
1085 2 10
1086 2 10
1087 2 10
1088 2 10
1089 2 10
1090 2 10
1091 2 10
1092 2 10
1093 2 10
1094 2 10
1095 2 10
1096 2 10
1097 2 10
1098 2 10
1099 2 10
1100 2 10
1101 2 10
1102 2 10
1103 2 10
1104 2 10
1105 2 10
1106 2 10
1107 2 10
1108 2 10
1109 2 10
1110 2 10
1111 2 10
1112 2 10
1113 2 10
1114 2 10
1115 2 10
1116 2 10
215 9 10
1117 2 10
635 10 10
1118 2 10
1119 2 10
1120 2 10
1121 2 10
1122 2 10
1123 2 10
1124 2 10
1125 2 10
1126 2 10
1127 2 10
1128 2 10
1129 2 10
1130 2 10
1131 2 10
1132 2 10
1133 2 10
1134 2 10
1135 2 10
1136 2 10
1137 2 10
1138 2 10
1139 2 10
1140 2 10
1141 2 10
1142 2 10
1143 2 10
1144 2 10
1145 2 10
1146 2 10
1147 2 10
1148 2 10
1149 2 10
1150 2 10
1151 2 10
1152 2 10
1153 2 10
1154 2 10
1155 2 10
1156 2 10
1157 2 10
1158 2 10
1159 2 10
1160 2 10
1161 2 10
1162 2 10
1163 2 10
1164 2 10
1165 2 10
1166 2 10
1167 2 10
1168 2 10
1169 2 10
1170 2 10
1171 2 10
1172 2 10
1173 2 10
1174 2 10
1175 2 10
1176 2 10
1177 2 10
1178 2 10
1179 11 10
1180 2 10
1181 2 10
1182 2 10
1183 2 10
1184 2 10
1185 2 10
1186 2 10
1187 2 10
1188 2 10
1189 2 10
1190 2 10
1191 2 10
1192 2 10
1193 2 10
1194 2 10
1195 2 10
1196 2 10
1197 2 10
1198 2 10
1199 2 10
1200 2 10
1201 2 10
1202 2 10
1203 2 10
1204 2 10
1205 2 10
1206 2 10
1207 2 10
1208 2 10
1209 2 10
1210 2 10
1211 2 10
1212 2 10
1213 2 10
1214 2 10
1215 2 10
1216 2 10
1217 2 10
1218 2 10
1219 2 10
1220 2 10
1221 2 10
1222 2 10
1223 2 10
1224 2 10
1225 2 10
1226 2 10
1227 2 10
1228 2 10
1229 2 10
1230 2 10
1231 2 10
1232 2 10
1233 2 10
1234 2 10
1235 2 10
1236 2 10
1237 2 10
1238 2 10
1239 2 10
1240 2 10
1241 2 10
1242 2 10
1243 2 10
1244 2 10
1245 2 10
1246 2 10
1247 2 10
1248 2 10
1249 2 10
1250 2 10
1251 2 10
1252 2 10
1253 2 10
1254 2 10
1255 2 10
1256 2 10
1257 2 10
1258 2 10
1259 2 10
1260 2 10
1261 2 10
1262 2 10
1263 2 10
1264 2 10
1265 2 10
1266 2 10
1267 2 10
1268 2 10
1269 2 10
1270 2 10
1271 2 10
1272 2 10
1273 2 10
1274 2 10
1275 2 10
1276 2 10
1277 2 10
1278 2 10
1279 2 10
1280 2 10
1281 5 10
1282 2 10
1283 2 10
1284 2 10
1285 2 10
1286 2 10
1287 2 10
1288 2 10
1289 2 10
1290 2 10
1291 2 10
1292 2 10
1293 2 10
1294 2 10
1295 2 10
1296 2 10
1297 2 10
1298 2 10
1299 2 10
1300 2 10
1301 2 10
1302 2 10
1303 2 10
1304 2 10
1305 2 10
1306 5 10
1307 2 10
1308 2 10
1309 2 10
1310 2 10
1311 2 10
1312 2 10
1313 2 10
1314 2 10
1315 2 10
1316 2 10
1317 2 10
1318 2 10
1319 2 10
1320 2 10
1321 2 10
1322 2 10
1323 2 10
1324 2 10
1325 2 10
1326 2 10
1327 2 10
1328 2 10
1329 2 10
1330 2 10
1331 2 10
1332 2 10
1333 2 10
1334 2 10
1335 2 10
1336 2 10
1337 2 10
1338 2 10
1339 2 10
1340 2 10
1341 2 10
1342 2 10
1343 2 10
1344 2 10
1345 2 10
1346 2 10
1347 2 10
1348 2 10
1349 2 10
1350 2 10
1351 2 10
1352 2 10
1353 2 10
1354 2 10
1355 2 10
1356 2 10
1357 2 10
1358 2 10
1359 2 10
1360 2 10
1361 2 10
1362 2 10
1363 2 10
1364 2 10
1365 2 10
1366 2 10
1367 2 10
1368 2 10
1369 2 10
1370 2 10
1371 2 10
1372 5 10
1373 2 10
1374 2 10
1375 2 10
1376 2 10
1377 2 10
1378 2 10
1379 2 10
1380 2 10
1381 2 10
1382 2 10
1383 2 10
1384 2 10
1385 2 10
1386 2 10
1387 2 10
1388 2 10
1389 2 10
1390 2 10
1391 2 10
1392 2 10
1393 2 10
1394 2 10
1395 2 10
1396 2 10
1397 2 10
1398 2 10
1399 2 10
1400 2 10
1401 2 10
1402 2 10
1403 2 10
1404 2 10
1405 2 10
1406 2 10
1407 2 10
1408 2 10
1409 2 10
1410 2 10
1411 2 10
1412 2 10
1413 2 10
1414 2 10
1415 2 10
1416 2 10
1417 2 10
1418 2 10
1419 2 10
1420 2 10
1421 2 10
1422 2 10
1423 2 10
1424 2 10
1425 2 10
1426 2 10
1427 2 10
1428 2 10
1429 2 10
1430 2 10
1431 2 10
1432 2 10
1433 2 10
1434 2 10
1435 2 10
1436 5 10
1437 2 10
1438 2 10
1439 2 10
1440 2 10
1441 2 10
1442 2 10
1443 2 10
1444 2 10
1445 2 10
1446 2 10
1447 2 10
1448 2 10
1449 2 10
1450 2 10
1451 2 10
1452 2 10
1453 2 10
1454 2 10
1455 2 10
1456 2 10
1457 2 10
1458 2 10
1459 2 10
1460 2 10
1461 2 10
1462 2 10
1463 2 10
1464 2 10
1465 2 10
1466 2 10
1467 2 10
1468 2 10
1469 2 10
1470 2 10
1471 2 10
1472 2 10
1473 2 10
1474 2 10
1475 2 10
1476 2 10
1477 2 10
1478 2 10
1479 2 10
1480 2 10
1481 2 10
1482 2 10
1483 2 10
1484 2 10
1485 2 10
1486 2 10
1487 2 10
1488 2 10
1489 2 10
1490 2 10
1491 2 10
1492 2 10
1493 2 10
1494 2 10
1495 2 10
1496 2 10
1497 2 10
1498 2 10
1499 2 10
1500 2 10
1501 2 10
1502 2 10
1503 2 10
1504 2 10
1505 2 10
1506 2 10
1507 2 10
1508 2 10
1509 2 10
1510 2 10
1511 2 10
1512 2 10
1513 2 10
1514 2 10
1515 2 10
1516 2 10
1517 2 10
1518 2 10
1519 2 10
1520 2 10
1521 2 10
1522 2 10
1523 2 10
1524 2 10
1525 2 10
1526 2 10
1527 2 10
1528 2 10
1529 2 10
1530 2 10
1531 2 10
1532 2 10
1533 2 10
1534 2 10
1535 2 10
1536 2 10
1537 2 10
1538 2 10
1539 2 10
1540 2 10
1541 2 10
1542 2 10
1543 2 10
1544 2 10
1545 2 10
1546 2 10
1547 2 10
1548 2 10
1549 2 10
1550 2 10
1551 2 10
1552 2 10
1553 2 10
1554 2 10
1555 2 10
1556 2 10
1557 2 10
1558 2 10
1559 2 10
1560 2 10
1561 2 10
1562 2 10
1563 2 10
1564 2 10
1565 2 10
1566 2 10
1567 2 10
1568 2 10
1569 2 10
1570 2 10
1571 2 10
1572 2 10
1573 2 10
1574 2 10
1575 2 10
1576 2 10
1577 2 10
1578 2 10
1579 2 10
1580 2 10
1581 2 10
1582 5 10
1583 2 10
1584 2 10
1585 2 10
1586 2 10
1587 2 10
1588 2 10
1589 2 10
1590 2 10
1591 2 10
1592 2 10
1593 2 10
1594 2 10
1595 2 10
1596 2 10
1597 2 10
1598 2 10
1599 2 10
1600 2 10
1601 2 10
1602 2 10
1603 2 10
1604 2 10
1605 2 10
1606 2 10
1607 2 10
1608 2 10
1609 2 10
1610 2 10
1611 2 10
1612 2 10
1613 2 10
1614 2 10
1615 2 10
1616 2 10
1617 2 10
1618 2 10
1619 2 10
1620 2 10
1621 2 10
1622 2 10
1623 2 10
1624 2 10
1625 2 10
1626 2 10
1627 2 10
1628 2 10
1629 2 10
1630 2 10
1631 2 10
1632 2 10
1633 2 10
1634 2 10
1635 2 10
1636 2 10
1637 2 10
1638 2 10
1639 2 10
1640 2 10
1641 2 10
1642 2 10
1643 2 10
1644 2 10
1645 2 10
1646 2 10
1647 2 10
1648 2 10
1649 2 10
1650 2 10
1651 2 10
1652 2 10
1653 2 10
1654 2 10
1655 2 10
1656 2 10
1657 2 10
1658 2 10
1659 2 10
1660 2 10
1661 2 10
1662 2 10
1663 2 10
1664 2 10
1665 2 10
1666 2 10
1667 2 10
1668 2 10
1669 2 10
1670 2 10
1671 2 10
1672 2 10
1673 2 10
1674 2 10
1675 2 10
1676 2 10
1677 2 10
1678 2 10
1679 2 10
1680 2 10
1681 2 10
1682 2 10
1683 2 10
1684 2 10
1685 2 10
1686 2 10
1687 2 10
1688 2 10
1689 2 10
1690 2 10
1691 2 10
1692 2 10
1693 2 10
1694 2 10
1695 2 10
1696 2 10
1697 2 10
1698 2 10
1699 2 10
1700 2 10
1701 3 10
1702 3 10
1703 3 10
1704 5 10
1705 3 10
1706 2 10
1707 2 10
1708 2 10
1709 2 10
1710 2 10
1711 2 10
1712 2 10
1713 2 10
1714 2 10
1715 2 10
1716 2 10
1717 2 10
1718 2 10
1719 2 10
1720 2 10
1721 2 10
1722 2 10
1723 2 10
1724 2 10
1725 2 10
1726 2 10
1727 2 10
1728 2 10
1729 2 10
1730 2 10
1731 2 10
1732 2 10
1733 2 10
1734 2 10
1735 2 10
1736 2 10
1737 2 10
1738 2 10
1739 5 10
1740 2 10
1741 2 10
1742 2 10
1743 2 10
1744 2 10
1745 2 10
1746 2 10
1747 2 10
1748 2 10
1749 2 10
1750 2 10
1751 2 10
1752 2 10
1753 2 10
1754 2 10
1755 2 10
1756 2 10
1757 2 10
1758 2 10
1759 2 10
1760 2 10
1761 2 10
1762 2 10
1763 2 10
1764 2 10
1765 2 10
1766 2 10
1767 2 10
1768 2 10
1769 2 10
1770 2 10
1771 2 10
1772 2 10
1773 2 10
1774 2 10
1775 2 10
1776 2 10
1777 2 10
1778 2 10
1779 2 10
1780 2 10
1781 2 10
1782 2 10
1783 2 10
1784 2 10
1785 2 10
1786 2 10
1787 2 10
1788 2 10
1789 2 10
1790 2 10
1791 2 10
1792 2 10
1793 2 10
1794 2 10
1795 2 10
1796 2 10
1797 2 10
1798 2 10
1799 2 10
1800 2 10
1801 2 10
1802 2 10
1803 2 10
1804 2 10
1805 2 10
1806 2 10
1807 2 10
1808 2 10
1809 2 10
1810 2 10
1811 2 10
1812 2 10
1813 2 10
1814 2 10
1815 2 10
1816 2 10
1817 2 10
1818 2 10
1819 2 10
1820 2 10
1821 2 10
1822 2 10
1823 2 10
1824 2 10
1825 2 10
1826 12 10
1827 2 10
1828 2 10
1829 2 10
1830 2 10
1831 2 10
1832 2 10
1833 2 10
1834 2 10
1835 2 10
1836 2 10
1837 2 10
1838 2 10
1839 2 10
1840 2 10
1841 2 10
1842 2 10
1843 2 10
1844 2 10
1845 2 10
1846 2 10
1847 2 10
1848 2 10
1849 2 10
1850 2 10
1851 2 10
1852 2 10
1853 2 10
1854 2 10
1855 2 10
1856 2 10
1857 2 10
1858 2 10
1859 2 10
1860 2 10
1861 2 10
1862 2 10
1863 2 10
1864 2 10
1865 2 10
1866 2 10
1867 2 10
1868 2 10
1869 2 10
1870 2 10
1871 2 10
1872 2 10
1873 2 10
1874 2 10
1875 2 10
1876 2 10
1877 2 10
1878 2 10
1879 2 10
1880 2 10
1881 2 10
1882 2 10
1883 2 10
1884 2 10
1885 2 10
1886 2 10
1887 2 10
1888 2 10
1889 2 10
1890 2 10
1891 2 10
1892 2 10
1893 2 10
1894 2 10
1895 2 10
1896 2 10
1897 2 10
1898 2 10
1899 2 10
1900 2 10
1901 2 10
1902 2 10
1903 2 10
1904 2 10
1905 2 10
1906 2 10
1907 2 10
1908 2 10
1909 2 10
1910 2 10
1911 2 10
1912 2 10
1913 2 10
1914 2 10
1915 2 10
1916 2 10
1917 2 10
1918 2 10
1919 2 10
1920 2 10
1921 2 10
1922 2 10
1923 2 10
1924 2 10
1925 2 10
1926 2 10
1927 2 10
1928 2 10
1929 2 10
1930 2 10
1931 2 10
1932 2 10
1933 2 10
1934 2 10
1935 2 10
1936 2 10
1937 2 10
1938 2 10
1939 2 10
1940 2 10
1941 2 10
1942 2 10
1943 2 10
1944 2 10
1945 2 10
1946 2 10
1947 2 10
1948 2 10
1949 2 10
1950 2 10
1951 2 10
1952 2 10
1953 2 10
1954 2 10
1955 2 10
1956 2 10
1957 2 10
1958 2 10
1959 2 10
1960 2 10
1961